[[4.2146868e-01 3.1303780e-03 4.3511364e-01 ... 9.2655174e-02
  1.0548976e-02 3.7016891e-02]
 [9.9378324e-01 8.0112859e-06 6.1488519e-03 ... 1.8115956e-05
  2.7731570e-05 3.5630749e-06]
 [9.4547076e-08 7.4456441e-15 5.4329475e-11 ... 1.8593477e-11
  5.0791500e-09 2.8672085e-07]
 ...
 [7.7863008e-04 1.1985950e-06 3.6510348e-05 ... 1.9688869e-05
  7.8241399e-05 7.1596500e-05]
 [2.3925479e-06 3.9134169e-12 4.4666504e-10 ... 1.0511541e-09
  4.8342663e-09 4.5439056e-06]
 [1.0036291e-03 6.2548228e-05 4.2742208e-02 ... 1.5476843e-03
  6.3748628e-02 8.0143976e-01]]